[
    [8, 18691697700352, 4386089326339072, 6339326653209935919, 16139777359568969600, 8647469853105439100, 284175174272744529, 16154306991986574816, 9133458372505468924, 17872973830509568, 352406670893121536, 0], 
    [2161727823385985039, 13835064094006190064, 562400205993984, 252060843791679489, 18374686616976364543, 2306546593578090368, 35967224434819072, 2303591226512769143, 17870288812538691576, 1123443187641344, 287104476781019136, 9187343243057037312], 
    [64, 13211319633664, 105748829604622336, 1152358556792258571, 10925734622243323907, 14987983680910200776, 94574080916716801, 18446674117279941373, 17329904130080374764, 11542724126988779520, 141089332105576448, 16140901065569599488], 
    [8, 4611702558346508368, 6740006425034752, 14843618115702292644, 12668626387398035455, 9224216401659559872, 288228177204605953, 6207930611386548793, 4575670823302201342, 18013436537458176, 6909366253412941838, 4683743612465315840], 
    [256, 5764607652957079838, 78958716878592, 1513183094679207983, 5757858690581413775, 10376853169264097248, 144108592602017795, 18446462942323409151, 18032421082387977724, 9224532571379005440, 8584986886668289, 3221225472], 
    [0, 4035227981617037432, 2251387510979584, 432301585909809155, 14894530413253887998, 281424511627072, 107657581783662592, 6701074847590514746, 18158542008908544253, 6754918413105152, 432064089649446912, 15924728310299361281], 
    [1291845633, 17582054453861682112, 1683902063640576, 571957153455144987, 18284615030374666237, 13835266864781975080, 179008739808902148, 9187061901995018238, 13763070795226087422, 949840611569664, 847943367349239808, 2305843009213693952], 
    [512, 43980465155072, 62539121926340641, 8070169091630694781, 4607746672200570287, 17872023839762841586, 3371927318028290, 8355584722306335791, 17870292113204215792, 1682802550460416, 142144865373782020, 17870283858277040128], 
    [2147483665, 828928708536, 1688162669680640, 855402455292248103, 17004468478106669007, 17294385495434592096, 44961229684215809, 13830554507169235038, 16140905459321208060, 6174582446750720, 215521871428321280, 8646911284551352320], 
    [0, 4611686039902225904, 513471933116928, 287412351847989255, 18428732973617553399, 15006413963257184224, 1657319166052378627, 15995659993684640431, 17726170317589608400, 278176446529536, 142004128970178562, 17942341014228303904]
]
[
    [8, 9223373651762494416, 278451320257024, 360015293989421079, 17269056041719476199, 17294381387308059080, 215185973373691909, 16896942912639074530, 13763053203040043005, 10132824291014656, 215680200906113024, 17311836967612186656], 
    [151060495, 4611688165911060464, 421181677105152, 143851305552838926, 18086456515635970559, 2305983574903553920, 630486355780009984, 9217777876298891295, 17293826966076045306, 5628954077557888, 792422429257367554, 8736983324880273408], 
    [6, 13835058398879567216, 1757569357155328, 143974459176976415, 18410724037303999582, 15276233562656120656, 10116881516029957, 13764100385188743679, 18437877611742231167, 31122089085744128, 9077568029851648, 0], 
    [129, 9223373552978242448, 10694124978040832, 13816973322379460735, 16089120461950027239, 16141186898864439272, 8998403308462080, 4608308387691626552, 8935175022398568698, 9232378961256774656, 3386073602425356288, 127775277184], 
    [0, 4755803202589295721, 2187753273826944, 1141627322193838111, 14837110600139554771, 16717633112705574848, 288228177648521219, 18446463217206035326, 18158550872647279584, 316143958226944, 53620983128391680, 2017612647020625920], 
    [8724152321, 47244645280, 139637981900928, 3314543780010262559, 18442241847951671287, 17870846133925289504, 134949659348029442, 10375167692419694896, 4395601196975587327, 12384486671634944, 553731651121774594, 0], 
    [9007199590285314, 13979173792040094698, 275436254777344, 215469095733166085, 17798226129585178599, 4612248955497480168, 54042096754424833, 18446251595510973823, 15996803433978068989, 2250975182578688, 7318349516111873, 1729382256910270464], 
    [0, 2305849606283460864, 48653402933248, 504332798111187039, 18444496671917293503, 17296069966591630312, 3381920196760940550, 14698060431172305290, 18158514930213457912, 1125075275207168, 58828271732654087, 17582053353276309760], 
    [17179869190, 7290707017512, 1125625041510144, 4002538988739952643, 16703855278407288831, 16141270496108707712, 17996806373560320, 6876996639551127741, 17618090397706243560, 3376875088898048, 143692976683745284, 4755801273746325520], 
    [4, 17179871904, 1076765485169408, 864567985300209695, 17854522342936461087, 10377841632367083392, 144112989455245318, 2160883424116604999, 16717363465261419498, 560750931202048, 142848550946996226, 18230571496948891648]
]
[
    [4294967296, 9223372139933992768, 561850448082944, 144044822535929863, 16699348512399175637, 16717640538708230388, 287138836243607553, 18068336560318317304, 18374704071455211516, 13510627087608832, 215609832160362496, 5188146772878295040], 
    [2281701406, 13835062161270906848, 421112955523072, 143481876892090375, 18435485761634583039, 9223477521260609408, 81060395380350976, 1151795630420525119, 17293826961780522996, 2306405134541779968, 576179286183247872, 9151314510462582816], 
    [1008806316530991111, 4611688715666872240, 415615395816448, 648307240376467521, 18410716025893958135, 13835198758412877728, 138758370629500931, 17293260431432876471, 17185771360136396761, 13846312364250462656, 434889834352476163, 288230376151711744], 
    [66, 6917533520176947192, 49539183617767424, 2257921944353325242, 8354190475950833855, 577037931483692832, 22158458656636928, 1035265004035113316, 9079259820359480314, 9236599728722930176, 1152640030691295233, 3458764848827990016], 
    [268435456, 3522946928584, 835938076767232, 346950903767486471, 13031178161604276183, 17294354719851928560, 425519249496209411, 17870089942649274623, 17582099118837265888, 523642413903872, 98727348162002944, 1152921504606846976], 
    [738197511, 4611688478638346172, 410427083193600, 936731132181217282, 18430981745328264668, 9223649354304192320, 144106393122105345, 3456371993160450416, 13654927227819686908, 1123426014060032, 141194885868814337, 18302628885633695744], 
    [72057594809679879, 17005592459238968256, 489282675392512, 214483932777807879, 18158514658254784457, 10376504024924945908, 107241142164092546, 18446568976482042111, 18338692866286600188, 4502774996454400, 125537839613018112, 2305843009213693952], 
    [0, 18004502926512, 2670988646223872, 4611518905544687631, 18433237671783464703, 17151934433241931648, 6742205964194307, 9223301693877256223, 17293832320825954240, 274053276360704, 287385953092239365, 16140901326488862784], 
    [8, 17942340984163532903, 7872382999984256, 3457621025751859223, 9798148043088856047, 16141111036857089984, 6753475345899520, 3458201572431888510, 18158535615849717503, 4502775002032128, 287948901374230528, 1873497788583510016], 
    [0, 180388626480, 68169723015168, 251990475039178767, 18422538874954715135, 16142588797668818896, 216166185513771008, 15851826297766674471, 17870288541938878380, 4500850864549888, 1727869329983668224, 8214565738577395712]
]

[
    [268435457, 798863935378, 1119852594983488, 2594005218865577991, 18442241159116926856, 17583172623903199792, 143067903753811973, 17876757651886440952, 1098983861993406463, 6755193286817792, 2593017854748000256, 576460752571858944], 
    [576460753108729869, 4611688200270864274, 1125625035226624, 215892408661180420, 18392701220973183998, 13835515434940202752, 144097595914911746, 4604367677610262559, 17870287717305167862, 11116079740859904, 252131212669812737, 12648359570113036353], 
    [536870932, 4611688013439698896, 1686650845392896, 1724773108457275583, 14105276099852508171, 17582071080754102266, 27266239371669505, 8574748274835588607, 18338692865045164022, 13509149623046144, 283867514035765248, 864691137045069828],
    [8589934864, 8160438437824, 3376050478235136, 5188041224727560240, 4021715377707819135, 16429412846906899908, 72050997303689216, 4863043174103253026, 8935162446465930236, 3447518734055552, 1150106761268559883, 13114482136511938880], 
    [134217728, 9223372262340560992, 9017644628831744, 8796122952630290, 18425354174469250543, 14988821760298700794, 216171754274418691, 18439988742440616087, 17329867789002885060, 67345087719488, 94294117312364544, 3422735784984182792],
    [0, 3758097313, 159704068128512, 216163990315466781, 18158515888830027767, 13114828701584842576, 107310135947800576, 18446462607305736314, 9079265627557883900, 1125487594174464, 990017869349650433, 16140901137510301760], 
    [369098754, 16717362915237173236, 421387834227264, 143833713360240642, 18302630387681072116, 14988397891854255528, 72010315842713610, 18446700368122249471, 18410768053047558128, 1092914560066624, 27021597806166016, 4503599627370496], 
    [0, 34359902401, 9565751261552128, 9223301685289943359, 18433248667923136415, 17296634016040456164, 786718987525275648, 69242858225270791, 17870284419844016080, 1120952116027392, 140737508483792906, 17870283862572007912], 
    [144115189149597696, 2186138374096, 9224497455757662208, 719872256108265487, 12659633387338733503, 16141494753531002688, 36022199999373312, 6898740624481059007, 18014402545274895226, 3306781358940160, 431712246465298432, 8646911318911090688], 
    [0, 377957125696, 1333157849724416, 792475206889898011, 18433236564738840575, 16141178137138429904, 288223779719454722, 16102057577833037855, 16717369506938229746, 18435511465011200, 143270763412062210, 17942341119455002632]
]
